%YAML 1.1
%TAG !u! tag:unity3d.com,2011:
--- !u!114 &11400000
MonoBehaviour:
  m_ObjectHideFlags: 0
  m_CorrespondingSourceObject: {fileID: 0}
  m_PrefabInstance: {fileID: 0}
  m_PrefabAsset: {fileID: 0}
  m_GameObject: {fileID: 0}
  m_Enabled: 1
  m_EditorHideFlags: 0
  m_Script: {fileID: 11500000, guid: 00cbabbcf3403e547a7818c2a52ac54b, type: 3}
  m_Name: Level-3
  m_EditorClassIdentifier: 
  bottles:
  - colors:
    - {r: 0.08096263, g: 0.7204529, b: 0.1441578, a: 0}
    - {r: 0.8360187, g: 0.03945176, b: 0.8363774, a: 0}
    - {r: 0.15460606, g: 0.10828254, b: 0.8073963, a: 0}
    - {r: 0.15460606, g: 0.10828254, b: 0.8073963, a: 0}
    numberOfColorsInBottle: 4
  - colors:
    - {r: 0.08096263, g: 0.7204529, b: 0.1441578, a: 0}
    - {r: 0.8360187, g: 0.03945176, b: 0.8363774, a: 0}
    - {r: 0.8360187, g: 0.03945176, b: 0.8363774, a: 0}
    - {r: 0.08096263, g: 0.7204529, b: 0.1441578, a: 0}
    numberOfColorsInBottle: 4
  - colors:
    - {r: 0.8360187, g: 0.03945176, b: 0.8363774, a: 0}
    - {r: 0.08096263, g: 0.7204529, b: 0.1441578, a: 0}
    - {r: 0.15460606, g: 0.10828254, b: 0.8073963, a: 0}
    - {r: 0.15460606, g: 0.10828254, b: 0.8073963, a: 0}
    numberOfColorsInBottle: 3
  - colors:
    - {r: 0.15460606, g: 0.10828254, b: 0.8073963, a: 0}
    - {r: 0, g: 0, b: 0, a: 0}
    - {r: 0, g: 0, b: 0, a: 0}
    - {r: 0, g: 0, b: 0, a: 0}
    numberOfColorsInBottle: 1
