%YAML 1.1
%TAG !u! tag:unity3d.com,2011:
--- !u!114 &11400000
MonoBehaviour:
  m_ObjectHideFlags: 0
  m_CorrespondingSourceObject: {fileID: 0}
  m_PrefabInstance: {fileID: 0}
  m_PrefabAsset: {fileID: 0}
  m_GameObject: {fileID: 0}
  m_Enabled: 1
  m_EditorHideFlags: 0
  m_Script: {fileID: 11500000, guid: 00cbabbcf3403e547a7818c2a52ac54b, type: 3}
  m_Name: Level-8
  m_EditorClassIdentifier: 
  bottles:
  - colors:
    - {r: 0.41960785, g: 0.79607844, b: 0.46666667, a: 0}
    - {r: 1, g: 0.3647059, b: 0.56078434, a: 0}
    - {r: 0.41960785, g: 0.79607844, b: 0.46666667, a: 0}
    - {r: 1, g: 0.3647059, b: 0.56078434, a: 0}
    numberOfColorsInBottle: 4
  - colors:
    - {r: 1, g: 0.3647059, b: 0.56078434, a: 0}
    - {r: 0.41960785, g: 0.79607844, b: 0.46666667, a: 0}
    - {r: 1, g: 0.3647059, b: 0.56078434, a: 0}
    - {r: 0.41960785, g: 0.79607844, b: 0.46666667, a: 0}
    numberOfColorsInBottle: 4
  - colors:
    - {r: 0.3019608, g: 0.5882353, b: 1, a: 0}
    - {r: 1, g: 0.8509804, b: 0.23921569, a: 0}
    - {r: 0.3019608, g: 0.5882353, b: 1, a: 0}
    - {r: 1, g: 0.8509804, b: 0.23921569, a: 0}
    numberOfColorsInBottle: 4
  - colors:
    - {r: 1, g: 0.8509804, b: 0.23921569, a: 0}
    - {r: 1, g: 0.8509804, b: 0.23921569, a: 0}
    - {r: 0.3019608, g: 0.5882353, b: 1, a: 0}
    - {r: 0.3019608, g: 0.5882353, b: 1, a: 0}
    numberOfColorsInBottle: 4
  - colors:
    - {r: 1, g: 0.8509804, b: 0.23921569, a: 0}
    - {r: 1, g: 0.8509804, b: 0.23921569, a: 0}
    - {r: 0.3019608, g: 0.5882353, b: 1, a: 0}
    - {r: 0.3019608, g: 0.5882353, b: 1, a: 0}
    numberOfColorsInBottle: 0
